const int velo_data[]={
	0,	0,
	4,	10,
	4,	10,
	5,	10,
	5,	9,
	5,	9,
	5,	9,
	5,	9,
	5,	9,
	5,	10,
	4,	10,
	4,	11,
	3,	12,
	2,	12,
	2,	13,
	1,	14,
	0,	14,
	0,	15,
	0,	15,
	0,	16,
	0,	16,
	0,	16,
	0,	16,
	0,	16,
	0,	15,
	0,	15,
	0,	15,
	1,	15,
	1,	14,
	2,	14,
	2,	14,
	2,	14,
	2,	14,
	2,	14,
	2,	14,
	2,	14,
	2,	14,
	2,	14,
	2,	14,
	2,	14,
	2,	13,
	2,	13,
	3,	12,
	3,	12,
	3,	11,
	4,	10,
	4,	9,
	5,	9,
	5,	8,
	6,	7,
	6,	6,
	6,	6,
	6,	6,
	6,	6,
	5,	7,
	5,	8,
	4,	8,
	3,	10,
	2,	11,
	0,	12,
	0,	13,
	0,	14,
	-1,	15,
	-2,	16,
	-2,	16,
	-2,	16,
	-2,	16,
	-1,	16,
	-1,	15,
	0,	15,
	0,	14,
	1,	13,
	2,	11,
	4,	10,
	5,	9,
	6,	7,
	7,	6,
	8,	5,
	9,	4,
	9,	4,
	10,	3,
	9,	4,
	9,	4,
	8,	5,
	7,	6,
	6,	7,
	4,	8,
	3,	10,
	1,	11,
	0,	13,
	0,	14,
	-1,	15,
	-2,	15,
	-2,	16,
	-2,	16,
	-2,	15,
	-1,	15,
	0,	14,
	1,	12,
	2,	11,
	3,	10,
	4,	9,
	6,	8,
	6,	7,
	7,	7,
	7,	6,
	7,	6,
	7,	7,
	7,	7,
	6,	7,
	5,	8,
	5,	9,
	4,	9,
	4,	10,
	3,	10,
	4,	9,
	4,	8,
	6,	7,
	8,	5,
	10,	2,
	13,	0,
	17,	-3,
	20,	-7,
	24,	-11,
	28,	-14,
	31,	-17,
	34,	-20,
	35,	-22,
	37,	-22,
	37,	-22,
	36,	-21,
	34,	-19,
	32,	-17,
	28,	-13,
	24,	-9,
	20,	-4,
	14,	0,
	9,	5,
	3,	11,
	-2,	17,
	-8,	23,
	-14,	29,
	-19,	34,
	-24,	38,
	-27,	42,
	-29,	44,
	-29,	44,
	-28,	43,
	-26,	41,
	-23,	38,
	-19,	34,
	-14,	30,
	-10,	25,
	-6,	21,
	-2,	18,
	0,	14,
	2,	12,
	4,	10,
	5,	8,
	6,	8,
	5,	8,
	4,	9,
	1,	11,
	0,	14,
	-3,	17,
	-6,	20,
	-9,	22,
	-11,	24,
	-13,	26,
	-13,	26,
	-12,	26,
	-11,	25,
	-9,	23,
	-6,	21,
	-4,	19,
	-1,	17,
	0,	14,
	3,	12,
	5,	10,
	6,	8,
	8,	7,
	9,	6,
	10,	5,
	10,	4,
	10,	3,
	10,	3,
	10,	4,
	9,	4,
	8,	4,
	8,	5,
	7,	6,
	7,	6,
	7,	6,
	7,	6,
	8,	6,
	9,	5,
	10,	5,
	11,	4,
	12,	3,
	14,	1,
	15,	0,
	16,	0,
	17,	-1,
	18,	-2,
	18,	-3,
	19,	-3,
	18,	-3,
	17,	-3,
	16,	-1,
	13,	0,
	10,	3,
	5,	7,
	0,	11,
	-4,	16,
	-8,	21,
	-12,	25,
	-15,	29,
	-17,	31,
	-17,	32,
	-17,	32,
	-16,	31,
	-15,	31,
	-14,	30,
	-13,	29,
	-13,	29,
	-14,	30,
	-16,	32,
	-20,	34,
	-25,	39,
	-34,	47,
	-48,	59,
	-71,	80,
	-109,	116,
	-172,	178,
	-130,	133,
	-130,	133,
	-160,	163,
	-160,	163,
	-137,	140,
	-137,	140,
	-183,	190,
	-112,	121,
	-69,	79,
	-42,	54,
	-25,	38,
	-12,	27,
	-4,	19,
	3,	12,
	9,	6,
	14,	1,
	19,	-3,
	23,	-8,
	28,	-12,
	32,	-17,
	35,	-20,
	38,	-23,
	39,	-25,
	39,	-26,
	38,	-25,
	36,	-23,
	33,	-19,
	29,	-16,
	25,	-12,
	21,	-8,
	18,	-5,
	16,	-2,
	15,	-1,
	14,	0,
	14,	0,
	15,	-1,
	17,	-2,
	18,	-4,
	20,	-6,
	22,	-8,
	24,	-9,
	25,	-11,
	26,	-12,
	26,	-12,
	26,	-11,
	25,	-10,
	23,	-9,
	22,	-7,
	20,	-5,
	17,	-2,
	15,	0,
	13,	1,
	12,	2,
	10,	4,
	10,	5,
	9,	5,
	9,	5,
	10,	4,
	11,	3,
	12,	1,
	14,	0,
	16,	-2,
	18,	-4,
	20,	-6,
	22,	-8,
	23,	-9,
	24,	-10,
	25,	-10,
	25,	-11,
	25,	-10,
	25,	-10,
	24,	-9,
	24,	-9,
	23,	-8,
	23,	-8,
	23,	-8,
	24,	-9,
	24,	-9,
	25,	-10,
	26,	-11,
	27,	-13,
	29,	-14,
	30,	-16,
	31,	-17,
	32,	-19,
	33,	-19,
	32,	-19,
	32,	-19,
	31,	-17,
	29,	-16,
	27,	-14,
	25,	-12,
	23,	-10,
	22,	-8,
	21,	-7,
	20,	-6,
	20,	-6,
	21,	-6,
	22,	-7,
	24,	-9,
	26,	-11,
	28,	-13,
	31,	-16,
	33,	-18,
	35,	-20,
	37,	-23,
	39,	-24,
	40,	-26,
	41,	-27,
	41,	-27,
	40,	-26,
	39,	-25,
	37,	-23,
	35,	-21,
	32,	-19,
	30,	-17,
	28,	-15,
	27,	-13,
	26,	-12,
	25,	-12,
	26,	-12,
	27,	-13,
	29,	-15,
	31,	-17,
	33,	-19,
	36,	-21,
	38,	-23,
	40,	-25,
	41,	-26,
	43,	-27,
	44,	-27,
	44,	-28,
	45,	-28,
	45,	-28,
	45,	-29,
	46,	-29,
	46,	-30,
	47,	-31,
	48,	-32,
	49,	-33,
	50,	-35,
	52,	-36,
	53,	-38,
	53,	-39,
	53,	-39,
	52,	-38,
	50,	-36,
	46,	-33,
	42,	-28,
	36,	-23,
	31,	-17,
	24,	-11,
	19,	-5,
	13,	0,
	9,	4,
	5,	8,
	2,	12,
	0,	14,
	-1,	16,
	-2,	17,
	-2,	17,
	-3,	18,
	-2,	17,
	-2,	17,
	-2,	16,
	-1,	16,
	-1,	15,
	0,	15,
	0,	14,
	0,	13,
	0,	13,
	0,	13,
	1,	12,
	1,	12,
	1,	12,
	2,	11,
	2,	11,
	2,	11,
	3,	10,
	3,	10,
	3,	10,
	3,	10,
	3,	10,
	3,	9,
	3,	9,
	3,	9,
	3,	10,
	2,	10,
	2,	10,
	1,	11,
	0,	12,
	0,	12,
	0,	13,
	-1,	14,
	-1,	14,
	-2,	15,
	-2,	15,
	-2,	15,
	-1,	15,
	0,	15,
	0,	14,
	0,	14,
	1,	13,
	2,	12,
	3,	11,
	4,	10,
	6,	9,
	7,	8,
	8,	7,
	9,	5,
	10,	4,
	12,	3,
	13,	1,
	14,	0,
	15,	0,
	15,	-1,
	16,	-1,
	15,	-1,
	15,	0,
	14,	0,
	12,	1,
	11,	3,
	9,	5,
	7,	7,
	5,	9,
	4,	10,
	2,	12,
	1,	13,
	0,	14,
	0,	15,
	0,	15,
	0,	15,
	0,	14,
	0,	13,
	2,	11,
	4,	9,
	6,	7,
	8,	5,
	10,	3,
	13,	1,
	14,	0,
	16,	-1,
	17,	-2,
	17,	-2,
	17,	-2,
	16,	-1,
	15,	0,
	14,	0,
	13,	1,
	13,	2,
	12,	2,
	11,	3,
	11,	2,
	12,	2,
	13,	0,
	15,	-1,
	17,	-4,
	21,	-7,
	24,	-10,
	27,	-14,
	30,	-17,
	33,	-19,
	35,	-20,
	35,	-21,
	35,	-20,
	35,	-19,
	34,	-18,
	33,	-17,
	33,	-17,
	33,	-17,
	34,	-18,
	37,	-21,
	41,	-26,
	48,	-34,
	59,	-46,
	77,	-66,
	108,	-98,
	157,	-149,
	112,	-108,
	112,	-108,
	138,	-134,
	138,	-134,
	129,	-126,
	129,	-126,
	191,	-183,
	126,	-116,
	80,	-68,
	49,	-36,
	28,	-14,
	12,	3,
	-1,	17,
	-13,	30,
	-25,	42,
	-37,	54,
	-49,	65,
	-60,	75,
	-68,	83,
	-71,	87,
	-70,	85,
	-63,	78,
	-51,	66,
	-36,	52,
	-20,	35,
	-2,	18,
	15,	0,
	34,	-19,
	53,	-38,
	71,	-56,
	86,	-72,
	96,	-82,
	100,	-85,
	96,	-81,
	87,	-72,
	76,	-59,
	63,	-46,
	52,	-34,
	41,	-23,
	32,	-14,
	24,	-6,
	18,	0,
	12,	4,
	8,	8,
	4,	10,
	3,	11,
	3,	9,
	7,	5,
	14,	-3,
	25,	-15,
	41,	-32,
	60,	-51,
	78,	-70,
	90,	-81,
	91,	-82,
	83,	-73,
	68,	-58,
	53,	-41,
	40,	-27,
	29,	-15,
	21,	-6,
	14,	1,
	9,	6,
	5,	11,
	1,	15,
	-2,	19,
	-6,	23,
	-11,	27,
	-17,	32,
	-25,	38,
	-36,	47,
	-51,	62,
	-76,	85,
	-117,	124,
	-184,	190,
	-137,	140,
	-137,	140,
	-163,	165,
	-163,	165,
	-135,	137,
	-135,	137,
	-177,	184,
	-109,	117,
	-67,	76,
	-41,	51,
	-23,	35,
	-11,	24,
	-1,	15,
	6,	8,
	12,	3,
	17,	-1,
	22,	-5,
	25,	-8,
	28,	-10,
	30,	-12,
	31,	-13,
	31,	-14,
	30,	-13,
	28,	-12,
	25,	-10,
	20,	-6,
	12,	0,
	1,	9,
	-16,	26,
	-46,	54,
	-99,	106,
	-191,	196,
	-151,	153,
	-151,	153,
	-155,	155,
	-155,	155,
	-101,	105,
	-101,	105,
	-107,	115,
	-50,	60,
	-18,	29,
	1,	11,
	13,	0,
	22,	-7,
	29,	-13,
	34,	-18,
	39,	-23,
	44,	-28,
	50,	-35,
	57,	-44,
	69,	-57,
	86,	-76,
	116,	-107,
	167,	-160,
	123,	-121,
	123,	-121,
	165,	-162,
	165,	-162,
	163,	-161,
	163,	-161,
	120,	-117,
	120,	-117,
	158,	-151,
	105,	-97,
	73,	-64,
	52,	-42,
	36,	-26,
	22,	-12,
	8,	1,
	-9,	17,
	-36,	43,
	-86,	92,
	-100,	102,
	-100,	102,
	-149,	150,
	-149,	150,
	-149,	150,
	-132,	133,
	-132,	133,
	-132,	133,
	-132,	133,
	-137,	140,
	-137,	140,
	-127,	134,
	-68,	77,
	-43,	53,
	-30,	43,
	-24,	38,
	-20,	36,
	-19,	35,
	-18,	36,
	-18,	36,
	-18,	36,
	-18,	36,
	-16,	35,
	-15,	33,
	-12,	30,
	-8,	25,
	-3,	20,
	2,	13,
	9,	5,
	18,	-5,
	30,	-17,
	45,	-34,
	67,	-57,
	100,	-92,
	153,	-146,
	116,	-113,
	116,	-113,
	158,	-156,
	158,	-156,
	163,	-161,
	163,	-161,
	126,	-123,
	126,	-123,
	176,	-168,
	127,	-117,
	98,	-87,
	80,	-68,
	70,	-56,
	62,	-47,
	57,	-41,
	52,	-36,
	48,	-31,
	43,	-26,
	38,	-21,
	33,	-16,
	26,	-10,
	19,	-3,
	10,	4,
	1,	13,
	-9,	23,
	-21,	34,
	-32,	44,
	-42,	53,
	-47,	58,
	-47,	57,
	-40,	51,
	-29,	40,
	-15,	26,
	0,	11,
	15,	-4,
	30,	-19,
	44,	-33,
	59,	-48,
	72,	-62,
	86,	-75,
	97,	-87,
	107,	-97,
	114,	-104,
	116,	-106,
	114,	-104,
	108,	-98,
	99,	-89,
	88,	-78,
	77,	-67,
	64,	-55,
	52,	-42,
	37,	-28,
	20,	-12,
	-2,	9,
	-36,	42,
	-94,	99,
	-98,	100,
	-98,	100,
	-109,	110,
	-109,	110,
	-109,	110,
	-114,	115,
	-114,	115,
	-114,	115,
	-111,	113,
	-111,	113,
	-121,	128,
	-67,	75,
	-40,	49,
	-26,	36,
	-19,	31,
	-16,	29,
	-17,	30,
	-20,	33,
	-24,	38,
	-31,	45,
	-40,	53,
	-50,	62,
	-61,	73,
	-72,	84,
	-82,	94,
	-89,	100,
	-90,	101,
	-86,	98,
	-78,	90,
	-67,	79,
	-56,	68,
	-45,	58,
	-35,	49,
	-27,	41,
	-21,	35,
	-15,	30,
	-12,	26,
	-9,	24,
	-7,	22,
	-6,	22,
	-6,	21,
	-6,	22,
	-6,	22,
	-7,	23,
	-8,	24,
	-9,	25,
	-10,	25,
	-11,	26,
	-12,	28,
	-14,	29,
	-17,	31,
	-20,	34,
	-25,	38,
	-32,	44,
	-42,	53,
	-56,	66,
	-75,	84,
	-101,	108,
	-130,	137,
	-157,	163,
	-165,	170,
	-146,	152,
	-109,	115,
	-67,	74,
	-28,	35,
	6,	0,
	37,	-30,
	65,	-58,
	89,	-81,
	105,	-97,
	111,	-102,
	106,	-97,
	94,	-84,
	80,	-68,
	65,	-52,
	52,	-38,
	41,	-26,
	32,	-16,
	25,	-8,
	18,	-1,
	13,	3,
	8,	8,
	4,	12,
	1,	15,
	-1,	17,
	-3,	17,
	-3,	17,
	-2,	14,
	1,	10,
	8,	2,
	19,	-9,
	33,	-24,
	49,	-41,
	66,	-58,
	79,	-71,
	83,	-75,
	78,	-70,
	67,	-58,
	52,	-43,
	38,	-28,
	25,	-14,
	14,	-2,
	4,	7,
	-3,	16,
	-12,	24,
	-20,	33,
	-29,	42,
	-38,	50,
	-47,	59,
	-56,	68,
	-63,	75,
	-68,	79,
	-68,	80,
	-63,	75,
	-54,	67,
	-42,	55,
	-29,	42,
	-15,	28,
	-1,	15,
	10,	3,
	21,	-6,
	30,	-15,
	37,	-22,
	42,	-27,
	46,	-30,
	47,	-32,
	47,	-31,
	46,	-30,
	43,	-27,
	39,	-23,
	35,	-19,
	31,	-15,
	26,	-10,
	21,	-6,
	17,	-1,
	12,	2,
	8,	6,
	5,	9,
	2,	11,
	0,	13,
	0,	13,
	0,	13,
	1,	11,
	3,	10,
	5,	7,
	8,	5,
	10,	3,
	12,	1,
	13,	0,
	14,	0,
	14,	0,
	14,	0,
	13,	0,
	11,	1,
	9,	3,
	7,	5,
	4,	8,
	1,	10,
	-1,	13,
	-4,	16,
	-7,	18,
	-9,	20,
	-11,	22,
	-11,	22,
	-10,	21,
	-8,	20,
	-6,	18,
	-4,	16,
	-2,	15,
	0,	13,
	0,	13,
	1,	13,
	1,	13,
	0,	15,
	0,	16,
	-1,	18,
	-3,	20,
	-5,	22,
	-8,	24,
	-11,	27,
	-14,	30,
	-18,	33,
	-23,	37,
	-28,	41,
	-34,	46,
	-43,	53,
	-55,	64,
	-73,	80,
	-102,	109,
	-155,	160,
	-123,	125,
	-123,	125,
	-119,	120,
	-119,	120,
	-119,	120,
	-120,	121,
	-120,	121,
	-120,	121,
	-124,	127,
	-124,	127,
	-150,	156,
	-91,	99,
	-57,	66,
	-35,	46,
	-21,	33,
	-10,	23,
	-1,	16,
	5,	10,
	10,	5,
	15,	1,
	19,	-2,
	23,	-6,
	27,	-10,
	30,	-13,
	34,	-18,
	38,	-22,
	43,	-28,
	49,	-36,
	57,	-46,
	70,	-59,
	87,	-78,
	111,	-103,
	142,	-135,
	175,	-169,
	194,	-188,
	185,	-179,
	152,	-146,
	111,	-104,
	74,	-66,
	43,	-35,
	17,	-10,
	-3,	11,
	-23,	31,
	-42,	49,
	-58,	66,
	-72,	80,
	-82,	89,
	-86,	93,
	-83,	90,
	-74,	81,
	-60,	67,
	-44,	51,
	-24,	31,
	-1,	7,
	29,	-23,
	74,	-69,
	141,	-137,
	114,	-112,
	114,	-112,
	139,	-137,
	139,	-137,
	117,	-115,
	117,	-115,
	155,	-149,
	94,	-86,
	57,	-47,
	35,	-23,
	21,	-8,
	13,	1,
	7,	8,
	4,	12,
	1,	16,
	0,	18,
	-1,	20,
	-1,	20,
	-2,	20,
	-1,	19,
	-1,	18,
	0,	16,
	2,	13,
	5,	9,
	8,	5,
	12,	0,
	16,	-4,
	20,	-7,
	22,	-10,
	22,	-10,
	19,	-8,
	15,	-3,
	11,	1,
	5,	7,
	1,	12,
	-2,	16,
	-6,	20,
	-8,	23,
	-9,	25,
	-10,	25,
	-10,	26,
	-10,	25,
	-9,	24,
	-8,	23,
	-6,	21,
	-4,	18,
	-1,	14,
	1,	10,
	6,	5,
	11,	0,
	16,	-5,
	20,	-10,
	22,	-12,
	22,	-12,
	18,	-8,
	13,	-2,
	7,	4,
	1,	11,
	-3,	16,
	-6,	21,
	-8,	24,
	-9,	27,
	-10,	28,
	-11,	30,
	-11,	31,
	-12,	32,
	-13,	33,
	-15,	34,
	-18,	36,
	-23,	40,
	-31,	46,
	-43,	56,
	-64,	74,
	-103,	111,
	-186,	192,
	-176,	178,
	-176,	178,
	-161,	162,
	-161,	162,
	-161,	162,
	-169,	172,
	-169,	172,
	-176,	183,
	-95,	105,
	-56,	67,
	-34,	47,
	-21,	35,
	-12,	27,
	-6,	21,
	-1,	16,
	2,	12,
	6,	9,
	9,	5,
	11,	3,
	13,	0,
	14,	0,
	15,	-1,
	15,	-1,
	14,	0,
	12,	0,
	11,	2,
	9,	3,
	8,	5,
	7,	6,
	7,	6,
	7,	6,
	8,	5,
	9,	4,
	11,	2,
	13,	0,
	14,	-1,
	16,	-3,
	18,	-5,
	19,	-6,
	18,	-6,
	17,	-5,
	14,	-2,
	10,	1,
	6,	5,
	1,	10,
	-1,	14,
	-3,	17,
	-4,	18,
	-3,	19,
	-1,	18,
	1,	16,
	4,	13,
	8,	10,
	12,	6,
	17,	0,
	23,	-6,
	31,	-15,
	43,	-28,
	60,	-47,
	86,	-75,
	128,	-118,
	187,	-179,
	124,	-120,
	124,	-120,
	131,	-127,
	131,	-127,
	106,	-101,
	106,	-101,
	145,	-135,
	92,	-82,
	56,	-44,
	29,	-17,
	7,	4,
	-14,	26,
	-40,	50,
	-74,	84,
	-123,	132,
	-188,	195,
	-123,	126,
	-123,	126,
	-124,	127,
	-124,	127,
	-193,	201,
	-130,	139,
	-83,	93,
	-51,	62,
	-29,	41,
	-12,	24,
	2,	8,
	18,	-9,
	45,	-37,
	100,	-94,
	129,	-127,
	129,	-127,
	131,	-130,
	131,	-130,
	131,	-130,
	131,	-130,
	131,	-130,
	133,	-132,
	133,	-132,
	133,	-132,
	133,	-132,
	197,	-190,
	89,	-79,
	51,	-39,
	35,	-21,
	27,	-11,
	22,	-5,
	19,	-2,
	17,	0,
	16,	1,
	14,	2,
	12,	4,
	10,	5,
	7,	7,
	4,	9,
	0,	13,
	-4,	17,
	-9,	21,
	-12,	24,
	-14,	26,
	-14,	26,
	-12,	25,
	-9,	23,
	-6,	21,
	-3,	19,
	-2,	18,
	-1,	18,
	-1,	18,
	-2,	19,
	-4,	21,
	-9,	24,
	-16,	29,
	-27,	39,
	-49,	58,
	-94,	101,
	-115,	109,
	-115,	109,
	-131,	131,
	-131,	131,
	-131,	131,
	-131,	131,
	-148,	149,
	-148,	149,
	-148,	149,
	-148,	149,
	-129,	132,
	-129,	132,
	-109,	118,
	-54,	66,
	-30,	43,
	-17,	31,
	-9,	25,
	-4,	21,
	-1,	18,
	0,	16,
	1,	14,
	2,	13,
	3,	12,
	3,	11,
	3,	10,
	4,	8,
	5,	7,
	6,	5,
	8,	4,
	10,	2,
	12,	0,
	14,	-1,
	16,	-2,
	19,	-4,
	22,	-7,
	25,	-10,
	30,	-15,
	36,	-21,
	45,	-31,
	58,	-45,
	78,	-66,
	110,	-100,
	159,	-150,
	112,	-108,
	112,	-108,
	135,	-131,
	135,	-131,
	126,	-122,
	126,	-122,
	190,	-180,
	129,	-117,
	87,	-73,
	59,	-43,
	40,	-22,
	25,	-7,
	13,	4,
	2,	15,
	-8,	26,
	-21,	39,
	-37,	53,
	-57,	72,
	-82,	95,
	-112,	124,
	-142,	152,
	-160,	170,
	-156,	166,
	-132,	142,
	-98,	109,
	-64,	76,
	-35,	47,
	-10,	21,
	13,	-1,
	36,	-24,
	59,	-49,
	84,	-74,
	107,	-97,
	123,	-113,
	127,	-117,
	118,	-108,
	100,	-89,
	80,	-68,
	60,	-48,
	44,	-30,
	31,	-16,
	20,	-5,
	11,	3,
	5,	10,
	0,	15,
	-3,	19,
	-6,	22,
	-7,	23,
	-8,	24,
	-9,	25,
	-10,	25,
	-10,	26,
	-12,	26,
	-14,	28,
	-18,	32,
	-24,	37,
	-32,	44,
	-42,	54,
	-56,	67,
	-72,	82,
	-89,	99,
	-104,	114,
	-112,	122,
	-110,	120,
	-98,	108,
	-80,	90,
	-59,	70,
	-38,	50,
	-19,	31,
	-1,	13,
	16,	-4,
	35,	-23,
	57,	-45,
	81,	-70,
	107,	-97,
	132,	-121,
	147,	-137,
	147,	-136,
	132,	-120,
	109,	-96,
	85,	-71,
	65,	-49,
	48,	-31,
	34,	-16,
	23,	-4,
	12,	6,
	2,	16,
	-8,	26,
	-20,	37,
	-34,	49,
	-51,	65,
	-73,	86,
	-101,	112,
	-132,	142,
	-159,	169,
	-171,	180,
	-159,	169,
	-131,	140,
	-97,	107,
	-65,	76,
	-38,	49,
	-14,	25,
	8,	2,
	32,	-22,
	60,	-50,
	92,	-83,
	125,	-116,
	151,	-142,
	157,	-148,
	142,	-132,
	114,	-103,
	86,	-73,
	62,	-48,
	44,	-29,
	30,	-14,
	20,	-2,
	11,	6,
	3,	14,
	-3,	21,
	-10,	28,
	-19,	36,
	-29,	45,
	-42,	57,
	-59,	72,
	-82,	93,
	-110,	121,
	-143,	153,
	-171,	179,
	-179,	187,
	-159,	168,
	-124,	133,
	-86,	95,
	-52,	61,
	-22,	32,
	5,	3,
	35,	-26,
	72,	-63,
	118,	-111,
	173,	-166,
	108,	-105,
	108,	-105,
	109,	-105,
	109,	-105,
	178,	-169,
	129,	-118,
	90,	-77,
	62,	-48,
	43,	-27,
	29,	-12,
	18,	0,
	8,	10,
	-1,	20,
	-12,	30,
	-25,	43,
	-42,	58,
	-64,	78,
	-91,	104,
	-124,	135,
	-154,	164,
	-167,	177,
	-155,	165,
	-123,	133,
	-84,	96,
	-48,	60,
	-16,	28,
	15,	-3,
	50,	-39,
	93,	-83,
	146,	-137,
	100,	-96,
	100,	-96,
	113,	-108,
	113,	-108,
	101,	-96,
	101,	-96,
	153,	-140,
	107,	-93,
	74,	-58,
	51,	-33,
	34,	-15,
	21,	-1,
	10,	10,
	-1,	21,
	-14,	33,
	-31,	48,
	-53,	68,
	-84,	97,
	-127,	139,
	-179,	189,
	-219,	228,
	-214,	224,
	-169,	179,
	-114,	125,
	-69,	80,
	-33,	45,
	-3,	14,
	28,	-17,
	70,	-60,
	136,	-128,
	119,	-116,
	119,	-116,
	168,	-165,
	168,	-165,
	154,	-150,
	154,	-150,
	199,	-190,
	117,	-105,
	70,	-56,
	43,	-27,
	25,	-8,
	12,	5,
	0,	18,
	-12,	30,
	-27,	44,
	-48,	63,
	-78,	91,
	-120,	132,
	-176,	186,
	-113,	118,
	-113,	118,
	-116,	121,
	-116,	121,
	-188,	198,
	-127,	138,
	-77,	89,
	-40,	52,
	-10,	22,
	17,	-6,
	52,	-41,
	103,	-94,
	186,	-179,
	149,	-146,
	149,	-146,
	171,	-168,
	171,	-168,
	128,	-123,
	128,	-123,
	155,	-144,
	93,	-79,
	58,	-42,
	37,	-19,
	22,	-4,
	11,	7,
	1,	17,
	-9,	28,
	-22,	39,
	-39,	55,
	-62,	76,
	-93,	105,
	-132,	142,
	-171,	180,
	-189,	198,
	-171,	180,
	-127,	136,
	-79,	88,
	-35,	44,
	4,	5,
	43,	-34,
	88,	-79,
	137,	-129,
	182,	-174,
	198,	-190,
	177,	-168,
	137,	-126,
	97,	-86,
	67,	-54,
	44,	-30,
	27,	-12,
	13,	2,
	0,	15,
	-11,	27,
	-25,	40,
	-39,	53,
	-54,	67,
	-69,	81,
	-82,	94,
	-89,	101,
	-88,	99,
	-78,	88,
	-60,	70,
	-36,	46,
	-10,	20,
	16,	-6,
	43,	-33,
	69,	-60,
	92,	-82,
	106,	-97,
	110,	-100,
	102,	-92,
	88,	-77,
	71,	-59,
	55,	-42,
	41,	-27,
	28,	-14,
	18,	-3,
	9,	5,
	1,	13,
	-4,	19,
	-9,	24,
	-12,	26,
	-13,	27,
	-11,	25,
	-7,	20,
	0,	13,
	9,	3,
	20,	-7,
	32,	-19,
	44,	-31,
	54,	-41,
	61,	-48,
	64,	-51,
	64,	-51,
	62,	-48,
	57,	-42,
	51,	-36,
	45,	-30,
	40,	-24,
	34,	-18,
	30,	-13,
	25,	-9,
	21,	-5,
	18,	-2,
	16,	0,
	14,	0,
	13,	1,
	13,	0,
	14,	-1,
	16,	-3,
	20,	-7,
	24,	-11,
	28,	-16,
	33,	-20,
	36,	-24,
	39,	-26,
	41,	-27,
	41,	-27,
	41,	-27,
	41,	-26,
	40,	-25,
	40,	-24,
	39,	-23,
	39,	-23,
	39,	-23,
	39,	-23,
	39,	-24,
	40,	-24,
	41,	-25,
	41,	-26,
	41,	-27,
	41,	-26,
	40,	-26,
	38,	-24,
	35,	-22,
	32,	-19,
	29,	-15,
	25,	-11,
	21,	-8,
	19,	-5,
	17,	-2,
	15,	-1,
	15,	0,
	15,	0,
	16,	-1,
	18,	-3,
	20,	-5,
	22,	-7,
	25,	-10,
	28,	-13,
	30,	-16,
	33,	-18,
	34,	-20,
	35,	-22,
	36,	-22,
	35,	-21,
	33,	-19,
	30,	-16,
	26,	-13,
	22,	-9,
	18,	-4,
	14,	0,
	11,	2,
	9,	4,
	7,	6,
	7,	6,
	8,	6,
	9,	5,
	11,	3,
	13,	1,
	16,	-1,
	19,	-4,
	22,	-7,
	25,	-10,
	27,	-12,
	29,	-14,
	29,	-15,
	29,	-15,
	28,	-14,
	26,	-12,
	23,	-9,
	19,	-5,
	15,	-1,
	11,	2,
	8,	5,
	6,	8,
	4,	10,
	4,	10,
	4,	10,
	5,	9,
	8,	7,
	11,	4,
	14,	0,
	18,	-2,
	21,	-6,
	25,	-10,
	28,	-13,
	30,	-15,
	32,	-17,
	31,	-17,
	30,	-15,
	27,	-12,
	23,	-8,
	18,	-3,
	13,	1,
	7,	7,
	2,	12,
	-2,	17,
	-6,	21,
	-9,	24,
	-10,	26,
	-11,	26,
	-11,	26,
	-9,	24,
	-6,	21,
	-3,	17,
	1,	12,
	6,	7,
	11,	1,
	17,	-5,
	23,	-11,
	28,	-16,
	31,	-19,
	32,	-20,
	30,	-18,
	25,	-13,
	18,	-6,
	10,	2,
	2,	11,
	-5,	19,
	-11,	26,
	-16,	31,
	-20,	35,
	-22,	39,
	-24,	41,
	-26,	43,
	-27,	44,
	-29,	46,
	-32,	48,
	-36,	51,
	-42,	57,
	-52,	66,
	-69,	80,
	-95,	105,
	-137,	146,
	-101,	104,
	-101,	104,
	-136,	139,
	-136,	139,
	-145,	149,
	-145,	149,
	-116,	120,
	-116,	120,
	-156,	165,
	-99,	109,
	-61,	73,
	-37,	50,
	-19,	34,
	-6,	21,
	4,	11,
	13,	2,
	22,	-6,
	30,	-14,
	37,	-22,
	44,	-29,
	50,	-35,
	54,	-40,
	56,	-42,
	54,	-41,
	50,	-37,
	44,	-30,
	36,	-22,
	27,	-14,
	19,	-5,
	11,	2,
	5,	8,
	1,	13,
	-1,	15,
	-2,	17,
	-2,	16,
	0,	14,
	2,	11,
	6,	8,
	10,	3,
	15,	0,
	19,	-4,
	23,	-8,
	25,	-11,
	27,	-13,
	28,	-13,
	27,	-12,
	25,	-11,
	23,	-8,
	19,	-4,
	16,	-1,
	12,	2,
	9,	5,
	6,	8,
	3,	11,
	2,	12,
	1,	13,
	1,	13,
	1,	13,
	2,	12,
	4,	10,
	5,	8,
	7,	6,
	8,	5,
	9,	4,
	10,	3,
	9,	4,
	9,	5,
	7,	7,
	5,	9,
	2,	12,
	0,	14,
	-2,	17,
	-4,	19,
	-5,	21,
	-7,	22,
	-7,	23,
	-7,	23,
	-7,	23,
	-6,	22,
	-5,	21,
	-3,	19,
	-1,	16,
	0,	14,
	2,	12,
	4,	9,
	6,	7,
	7,	6,
	8,	5,
	7,	5,
	6,	7,
	4,	9,
	1,	12,
	-1,	15,
	-3,	18,
	-6,	21,
	-8,	24,
	-10,	26,
	-11,	28,
	-13,	29,
	-14,	31,
	-16,	32,
	-19,	34,
	-22,	37,
	-28,	42,
	-36,	49,
	-50,	61,
	-75,	84,
	-122,	129,
	-109,	112,
	-109,	112,
	-129,	130,
	-129,	130,
	-129,	130,
	-149,	151,
	-149,	151,
	-149,	151,
	-144,	147,
	-144,	147,
	-155,	163,
	-88,	98,
	-54,	65,
	-34,	47,
	-22,	37,
	-14,	29,
	-8,	24,
	-3,	19,
	0,	15,
	4,	11,
	8,	6,
	13,	1,
	17,	-3,
	23,	-9,
	28,	-15,
	32,	-20,
	35,	-23,
	37,	-24,
	36,	-23,
	33,	-21,
	30,	-17,
	27,	-13,
	24,	-9,
	22,	-7,
	21,	-6,
	21,	-6,
	23,	-7,
	26,	-10,
	30,	-15,
	37,	-22,
	46,	-33,
	61,	-48,
	83,	-73,
	120,	-111,
	177,	-169,
	125,	-122,
	125,	-122,
	148,	-144,
	148,	-144,
	131,	-128,
	131,	-128,
	191,	-182,
	131,	-120,
	92,	-80,
	68,	-54,
	53,	-38,
	43,	-27,
	36,	-19,
	30,	-13,
	26,	-9,
	22,	-5,
	19,	-2,
	15,	0,
	11,	3,
	7,	6,
	3,	10,
	0,	13,
	-4,	17,
	-7,	19,
	-9,	21,
	-9,	21,
	-8,	20,
	-6,	18,
	-3,	16,
	0,	13,
	2,	11,
	4,	9,
	6,	8,
	7,	8,
	7,	8,
	7,	8,
	6,	9,
	5,	10,
	4,	11,
	2,	13,
	0,	14,
	-1,	16,
	-4,	18,
	-5,	19,
	-7,	20,
	-7,	21,
	-7,	20,
	-6,	19,
	-4,	17,
	-2,	15,
	0,	12,
	3,	9,
	6,	7,
	8,	5,
	9,	4,
	10,	3,
	10,	3,
	10,	4,
	9,	4,
	8,	6,
	7,	7,
	5,	9,
	3,	10,
	1,	12,
	0,	14,
	-1,	15,
	-3,	16,
	-3,	17,
	-4,	17,
	-3,	17,
	-2,	16,
	-1,	15,
	0,	13,
	1,	12,
	3,	11,
	4,	10,
	4,	9,
	5,	9,
	5,	10,
	4,	10,
	3,	12,
	2,	13,
	0,	15,
	-1,	16,
	-2,	18,
	-4,	19,
	-5,	21,
	-7,	22,
	-7,	22,
	-7,	22,
	-7,	21,
	0,	0};

#define MaxNum 1959
